Year      Month     Day       SimDay    Season    0.05m          0.15m          0.25m          0.35m          0.45m          0.55m          0.675m         0.825m         0.975m         1.125m         1.275m         1.45m          
2016      5         23        1         1         0.30           0.30           0.30           0.30           0.30           0.30           0.30           0.30           0.30           0.30           0.30           0.30           
2016      5         24        2         1         0.31           0.30           0.30           0.30           0.30           0.30           0.30           0.30           0.30           0.30           0.30           0.30           
2016      5         25        3         1         0.27           0.30           0.30           0.30           0.30           0.30           0.30           0.30           0.30           0.30           0.30           0.30           
2016      5         26        4         1         0.28           0.30           0.30           0.30           0.30           0.30           0.30           0.30           0.30           0.30           0.30           0.30           
2016      5         27        5         1         0.30           0.30           0.30           0.30           0.30           0.30           0.30           0.30           0.30           0.30           0.30           0.30           
2016      5         28        6         1         0.35           0.30           0.30           0.30           0.30           0.30           0.30           0.30           0.30           0.30           0.30           0.30           
2016      5         29        7         1         0.27           0.31           0.31           0.30           0.30           0.30           0.30           0.30           0.30           0.30           0.30           0.30           
2016      5         30        8         1         0.24           0.30           0.30           0.30           0.30           0.30           0.30           0.30           0.30           0.30           0.30           0.30           
2016      5         31        9         1         0.25           0.30           0.30           0.30           0.30           0.30           0.30           0.30           0.30           0.30           0.30           0.30           
2016      6         1         10        1         0.24           0.30           0.30           0.30           0.30           0.30           0.30           0.30           0.30           0.30           0.30           0.30           
2016      6         2         11        1         0.23           0.30           0.30           0.30           0.30           0.30           0.30           0.30           0.30           0.30           0.30           0.30           
2016      6         3         12        1         0.21           0.30           0.30           0.30           0.30           0.30           0.30           0.30           0.30           0.30           0.30           0.30           
2016      6         4         13        1         0.21           0.30           0.30           0.30           0.30           0.30           0.30           0.30           0.30           0.30           0.30           0.30           
2016      6         5         14        1         0.19           0.30           0.30           0.30           0.30           0.30           0.30           0.30           0.30           0.30           0.30           0.30           
2016      6         6         15        1         0.21           0.30           0.30           0.30           0.30           0.30           0.30           0.30           0.30           0.30           0.30           0.30           
2016      6         7         16        1         0.18           0.30           0.30           0.30           0.30           0.30           0.30           0.30           0.30           0.30           0.30           0.30           
2016      6         8         17        1         0.15           0.30           0.30           0.30           0.30           0.30           0.30           0.30           0.30           0.30           0.30           0.30           
2016      6         9         18        1         0.14           0.30           0.30           0.30           0.30           0.30           0.30           0.30           0.30           0.30           0.30           0.30           
2016      6         10        19        1         0.19           0.30           0.30           0.30           0.30           0.30           0.30           0.30           0.30           0.30           0.30           0.30           
2016      6         11        20        1         0.17           0.30           0.30           0.30           0.30           0.30           0.30           0.30           0.30           0.30           0.30           0.30           
2016      6         12        21        1         0.16           0.30           0.30           0.30           0.30           0.30           0.30           0.30           0.30           0.30           0.30           0.30           
2016      6         13        22        1         0.22           0.30           0.30           0.30           0.30           0.30           0.30           0.30           0.30           0.30           0.30           0.30           
2016      6         14        23        1         0.19           0.30           0.30           0.30           0.30           0.30           0.30           0.30           0.30           0.30           0.30           0.30           
2016      6         15        24        1         0.17           0.30           0.30           0.30           0.30           0.30           0.30           0.30           0.30           0.30           0.30           0.30           
2016      6         16        25        1         0.15           0.30           0.30           0.30           0.30           0.30           0.30           0.30           0.30           0.30           0.30           0.30           
2016      6         17        26        1         0.13           0.30           0.30           0.30           0.30           0.30           0.30           0.30           0.30           0.30           0.30           0.30           
2016      6         18        27        1         0.12           0.30           0.30           0.30           0.30           0.30           0.30           0.30           0.30           0.30           0.30           0.30           
2016      6         19        28        1         0.23           0.30           0.30           0.30           0.30           0.30           0.30           0.30           0.30           0.30           0.30           0.30           
2016      6         20        29        1         0.20           0.30           0.30           0.30           0.30           0.30           0.30           0.30           0.30           0.30           0.30           0.30           
2016      6         21        30        1         0.17           0.30           0.30           0.30           0.30           0.30           0.30           0.30           0.30           0.30           0.30           0.30           
2016      6         22        31        1         0.23           0.30           0.30           0.30           0.30           0.30           0.30           0.30           0.30           0.30           0.30           0.30           
2016      6         23        32        1         0.19           0.30           0.30           0.30           0.30           0.30           0.30           0.30           0.30           0.30           0.30           0.30           
2016      6         24        33        1         0.15           0.30           0.30           0.30           0.30           0.30           0.30           0.30           0.30           0.30           0.30           0.30           
2016      6         25        34        1         0.23           0.30           0.30           0.30           0.30           0.30           0.30           0.30           0.30           0.30           0.30           0.30           
2016      6         26        35        1         0.19           0.30           0.30           0.30           0.30           0.30           0.30           0.30           0.30           0.30           0.30           0.30           
2016      6         27        36        1         0.14           0.30           0.30           0.30           0.30           0.30           0.30           0.30           0.30           0.30           0.30           0.30           
2016      6         28        37        1         0.22           0.30           0.30           0.30           0.30           0.30           0.30           0.30           0.30           0.30           0.30           0.30           
2016      6         29        38        1         0.17           0.29           0.30           0.30           0.30           0.30           0.30           0.30           0.30           0.30           0.30           0.30           
2016      6         30        39        1         0.14           0.27           0.30           0.30           0.30           0.30           0.30           0.30           0.30           0.30           0.30           0.30           
2016      7         1         40        1         0.18           0.26           0.30           0.30           0.30           0.30           0.30           0.30           0.30           0.30           0.30           0.30           
2016      7         2         41        1         0.14           0.24           0.30           0.30           0.30           0.30           0.30           0.30           0.30           0.30           0.30           0.30           
2016      7         3         42        1         0.12           0.21           0.29           0.30           0.30           0.30           0.30           0.30           0.30           0.30           0.30           0.30           
2016      7         4         43        1         0.21           0.19           0.29           0.30           0.30           0.30           0.30           0.30           0.30           0.30           0.30           0.30           
2016      7         5         44        1         0.17           0.17           0.29           0.30           0.30           0.30           0.30           0.30           0.30           0.30           0.30           0.30           
2016      7         6         45        1         0.30           0.17           0.29           0.30           0.30           0.30           0.30           0.30           0.30           0.30           0.30           0.30           
2016      7         7         46        1         0.26           0.15           0.29           0.30           0.30           0.30           0.30           0.30           0.30           0.30           0.30           0.30           
2016      7         8         47        1         0.22           0.14           0.29           0.30           0.30           0.30           0.30           0.30           0.30           0.30           0.30           0.30           
2016      7         9         48        1         0.18           0.13           0.28           0.30           0.30           0.30           0.30           0.30           0.30           0.30           0.30           0.30           
2016      7         10        49        1         0.34           0.12           0.27           0.30           0.30           0.30           0.30           0.30           0.30           0.30           0.30           0.30           
2016      7         11        50        1         0.27           0.13           0.27           0.30           0.30           0.30           0.30           0.30           0.30           0.30           0.30           0.30           
2016      7         12        51        1         0.23           0.12           0.25           0.30           0.30           0.30           0.30           0.30           0.30           0.30           0.30           0.30           
2016      7         13        52        1         0.44           0.12           0.23           0.30           0.30           0.30           0.30           0.30           0.30           0.30           0.30           0.30           
2016      7         14        53        1         0.30           0.20           0.23           0.30           0.30           0.30           0.30           0.30           0.30           0.30           0.30           0.30           
2016      7         15        54        1         0.32           0.20           0.23           0.30           0.30           0.30           0.30           0.30           0.30           0.30           0.30           0.30           
2016      7         16        55        1         0.38           0.21           0.23           0.30           0.30           0.30           0.30           0.30           0.30           0.30           0.30           0.30           
2016      7         17        56        1         0.28           0.27           0.23           0.30           0.30           0.30           0.30           0.30           0.30           0.30           0.30           0.30           
2016      7         18        57        1         0.45           0.25           0.23           0.30           0.30           0.30           0.30           0.30           0.30           0.30           0.30           0.30           
2016      7         19        58        1         0.30           0.29           0.27           0.30           0.30           0.30           0.30           0.30           0.30           0.30           0.30           0.30           
2016      7         20        59        1         0.26           0.27           0.27           0.30           0.30           0.30           0.30           0.30           0.30           0.30           0.30           0.30           
2016      7         21        60        1         0.22           0.26           0.27           0.30           0.30           0.30           0.30           0.30           0.30           0.30           0.30           0.30           
2016      7         22        61        1         0.37           0.23           0.27           0.30           0.30           0.30           0.30           0.30           0.30           0.30           0.30           0.30           
2016      7         23        62        1         0.28           0.27           0.27           0.30           0.30           0.30           0.30           0.30           0.30           0.30           0.30           0.30           
2016      7         24        63        1         0.24           0.25           0.27           0.30           0.30           0.30           0.30           0.30           0.30           0.30           0.30           0.30           
2016      7         25        64        1         0.21           0.24           0.27           0.30           0.30           0.30           0.30           0.30           0.30           0.30           0.30           0.30           
2016      7         26        65        1         0.18           0.22           0.27           0.30           0.30           0.30           0.30           0.30           0.30           0.30           0.30           0.30           
2016      7         27        66        1         0.35           0.21           0.27           0.30           0.30           0.30           0.30           0.30           0.30           0.30           0.30           0.30           
2016      7         28        67        1         0.27           0.23           0.27           0.30           0.30           0.30           0.30           0.30           0.30           0.30           0.30           0.30           
2016      7         29        68        1         0.24           0.22           0.27           0.30           0.30           0.30           0.30           0.30           0.30           0.30           0.30           0.30           
2016      7         30        69        1         0.20           0.20           0.27           0.30           0.30           0.30           0.30           0.30           0.30           0.30           0.30           0.30           
2016      7         31        70        1         0.46           0.19           0.27           0.30           0.30           0.30           0.30           0.30           0.30           0.30           0.30           0.30           
2016      8         1         71        1         0.30           0.28           0.27           0.30           0.30           0.30           0.30           0.30           0.30           0.30           0.30           0.30           
2016      8         2         72        1         0.26           0.27           0.27           0.30           0.30           0.30           0.30           0.30           0.30           0.30           0.30           0.30           
2016      8         3         73        1         0.22           0.26           0.27           0.30           0.30           0.30           0.30           0.30           0.30           0.30           0.30           0.30           
2016      8         4         74        1         0.18           0.25           0.27           0.30           0.30           0.30           0.30           0.30           0.30           0.30           0.30           0.30           
2016      8         5         75        1         0.15           0.24           0.27           0.30           0.30           0.30           0.30           0.30           0.30           0.30           0.30           0.30           
2016      8         6         76        1         0.38           0.24           0.27           0.30           0.30           0.30           0.30           0.30           0.30           0.30           0.30           0.30           
2016      8         7         77        1         0.48           0.39           0.27           0.30           0.30           0.30           0.30           0.30           0.30           0.30           0.30           0.30           
2016      8         8         78        1         0.32           0.34           0.33           0.32           0.31           0.31           0.31           0.30           0.30           0.30           0.30           0.30           
2016      8         9         79        1         0.28           0.31           0.31           0.31           0.31           0.31           0.31           0.30           0.30           0.30           0.30           0.30           
2016      8         10        80        1         0.27           0.30           0.30           0.30           0.30           0.30           0.30           0.30           0.30           0.30           0.30           0.30           
2016      8         11        -999      0         -999.00        -999.00        -999.00        -999.00        -999.00        -999.00        -999.00        -999.00        -999.00        -999.00        -999.00        -999.00        
2016      8         12        -999      0         -999.00        -999.00        -999.00        -999.00        -999.00        -999.00        -999.00        -999.00        -999.00        -999.00        -999.00        -999.00        
2016      8         13        -999      0         -999.00        -999.00        -999.00        -999.00        -999.00        -999.00        -999.00        -999.00        -999.00        -999.00        -999.00        -999.00        
2016      8         14        -999      0         -999.00        -999.00        -999.00        -999.00        -999.00        -999.00        -999.00        -999.00        -999.00        -999.00        -999.00        -999.00        
2016      8         15        -999      0         -999.00        -999.00        -999.00        -999.00        -999.00        -999.00        -999.00        -999.00        -999.00        -999.00        -999.00        -999.00        
2016      8         16        -999      0         -999.00        -999.00        -999.00        -999.00        -999.00        -999.00        -999.00        -999.00        -999.00        -999.00        -999.00        -999.00        
2016      8         17        -999      0         -999.00        -999.00        -999.00        -999.00        -999.00        -999.00        -999.00        -999.00        -999.00        -999.00        -999.00        -999.00        
2016      8         18        -999      0         -999.00        -999.00        -999.00        -999.00        -999.00        -999.00        -999.00        -999.00        -999.00        -999.00        -999.00        -999.00        
