Day	Month	Year	Tmin(C)	Tmax(C)	Prcp(mm)	Et0(mm)
1	1	2016	9.76681796	18.77390913	2.263636364	2.463636364
2	1	2016	9.691364635	19.41273082	0.47	2.563636364
3	1	2016	9.347542503	19.17136452	0.099090909	2.554545455
4	1	2016	9.681815408	19.56045255	0.008181818	2.590909091
5	1	2016	9.475363992	21.09763683	0.986363636	2.818181818
6	1	2016	10.33654508	20.81499967	1.629090909	2.745454545
7	1	2016	9.501731178	18.44372836	0.035454545	2.463636364
8	1	2016	9.112546054	17.93726973	0.129090909	2.427272727
9	1	2016	8.214455344	18.7603621	0.048181818	2.627272727
10	1	2016	9.056180086	20.5557251	0.036363636	2.845454545
11	1	2016	9.988911022	19.3153631	0.240909091	2.563636364
12	1	2016	8.854639227	19.66700328	0.282727273	2.709090909
13	1	2016	9.652909713	20.8380016	0.344545455	2.827272727
14	1	2016	10.73945202	21.34790871	0.342727273	2.863636364
15	1	2016	10.00563466	20.10827359	0.248181818	2.709090909
16	1	2016	9.310544101	20.17100109	0.037272727	2.772727273
17	1	2016	9.548728249	20.63709051	0.03	2.827272727
18	1	2016	9.561273748	21.06445035	0.001818182	2.927272727
19	1	2016	9.837907272	21.23117898	0.024545455	2.945454545
20	1	2016	9.300908869	21.92936568	0.027272727	3.1
21	1	2016	10.00968519	22.55636597	0.085454545	3.154545455
22	1	2016	10.61945135	22.96109009	0.131818182	3.181818182
23	1	2016	11.51591075	22.82218239	0.010909091	3.109090909
24	1	2016	11.38190807	21.15145597	0.124545455	2.845454545
25	1	2016	10.91654552	22.02899725	0.172727273	3.045454545
26	1	2016	11.81636463	23.59173029	0.094545455	3.263636364
27	1	2016	11.17472701	21.05927346	0.25	2.9
28	1	2016	10.47954767	20.87935847	0.035454545	2.927272727
29	1	2016	10.27363448	20.71690785	0.044545455	2.945454545
30	1	2016	10.76699829	21.99272849	0.118181818	3.118181818
31	1	2016	10.71081543	21.22645708	0.179090909	3.018181818
1	2	2016	10.50681652	20.78299783	0.102727273	2.972727273
2	2	2016	10.54018055	21.4764543	0.065454545	3.1
3	2	2016	10.71673029	22.86999789	0.059090909	3.309090909
4	2	2016	10.93345503	23.62072477	0.23	3.427272727
5	2	2016	11.36845259	23.0134527	0.126363636	3.309090909
6	2	2016	11.57645486	24.06545743	0.095454545	3.5
7	2	2016	11.4897239	23.0910922	0.371818182	3.354545455
8	2	2016	11.12382091	22.34191062	0.787272727	3.290909091
9	2	2016	10.85708896	22.11118109	1.564545455	3.281818182
10	2	2016	11.41781616	22.19572865	1.268181818	3.245454545
11	2	2016	11.16326904	23.44818393	0.13	3.536363636
12	2	2016	11.04509111	24.0494579	0.001818182	3.663636364
13	2	2016	11.6918224	23.24027322	0.06	3.463636364
14	2	2016	12.14281949	24.41554676	0.190909091	3.645454545
15	2	2016	13.43872625	25.24672907	0.101818182	3.709090909
16	2	2016	12.37309126	25.05690696	0.196363636	3.8
17	2	2016	12.24663752	24.01317804	0.512727273	3.636363636
18	2	2016	12.13645519	22.48463301	0.306363636	3.4
19	2	2016	11.34509277	20.90627219	0.263636364	3.154545455
20	2	2016	10.65854437	22.12436191	0.103636364	3.463636364
21	2	2016	11.22363836	23.80427413	0.025454545	3.727272727
22	2	2016	12.99945623	25.54236395	0.086363636	3.9
23	2	2016	13.60372925	24.28890991	0.024545455	3.645454545
24	2	2016	12.37999933	23.56390936	0.253636364	3.627272727
25	2	2016	11.92636108	22.88863858	0.513636364	3.581818182
26	2	2016	11.79918046	23.66309149	0.391818182	3.763636364
27	2	2016	12.08772972	23.94472434	0.9	3.790909091
28	2	2016	12.91027277	25.12254472	0.038181818	3.981818182
1	3	2016	12.9504561	25.91254494	0.328181818	4.145454545
2	3	2016	13.25763772	25.36836381	0.114545455	4.009090909
3	3	2016	12.95390736	24.35208962	0.264545455	3.854545455
4	3	2016	13.66527488	25.30709007	0.165454545	4
5	3	2016	14.10481956	25.99818282	0.103636364	4.127272727
6	3	2016	13.27563477	25.38654674	0.291818182	4.109090909
7	3	2016	12.18581876	25.74272572	0.404545455	4.290909091
8	3	2016	14.46436379	27.40836404	0.309090909	4.436363636
9	3	2016	14.75918024	26.65727095	0.36	4.281818182
10	3	2016	14.04690829	26.59281783	0.126363636	4.354545455
11	3	2016	14.03463745	27.39227295	0.043636364	4.545454545
12	3	2016	14.87400124	26.71863625	0.015454545	4.327272727
13	3	2016	13.55872692	24.604728	0.086363636	4.009090909
14	3	2016	12.86109231	25.3788147	0.075454545	4.290909091
15	3	2016	13.49354414	25.84954834	0.200909091	4.354545455
16	3	2016	12.79582076	25.19799805	0.117272727	4.309090909
17	3	2016	12.99681785	24.23227206	0.116363636	4.072727273
18	3	2016	12.129819	25.43336348	0.681818182	4.463636364
19	3	2016	13.04509111	26.26999734	1.153636364	4.572727273
20	3	2016	13.42173074	25.95617953	0.483636364	4.472727273
21	3	2016	13.67263516	27.06627586	0.205454545	4.718181818
22	3	2016	13.81890869	26.16718362	0.59	4.536363636
23	3	2016	14.05518133	26.5	0.081818182	4.581818182
24	3	2016	14.5079096	27.17663852	0.183636364	4.718181818
25	3	2016	14.25117909	28.39754694	0.189090909	5.036363636
26	3	2016	14.590271	28.2632696	1.470909091	4.972727273
27	3	2016	14.80554754	27.34245716	0.135454545	4.754545455
28	3	2016	15.32099776	28.90372814	0.015454545	5.090909091
29	3	2016	14.58881725	26.50263561	0.053636364	4.618181818
30	3	2016	13.85290805	25.98881669	0.03	4.609090909
31	3	2016	14.49672352	28.28009033	0.143636364	5.1
1	4	2016	15.68027288	29.23072676	0.160909091	5.163636364
2	4	2016	15.88918235	28.47699807	0.07	4.981818182
3	4	2016	15.82645208	29.15872747	0.109090909	5.2
4	4	2016	16.26882102	29.13454645	0.114545455	5.172727273
5	4	2016	16.84718461	30.60954424	0.645454545	5.472727273
6	4	2016	17.46381725	32.1516363	0.17	5.8
7	4	2016	18.56036377	33.70745295	1.305454545	6.072727273
8	4	2016	19.62999933	35.24972534	1.829090909	6.272727273
9	4	2016	17.62063599	29.42854725	0.068181818	5.136363636
10	4	2016	16.20508922	28.2891818	0.125454545	5.036363636
11	4	2016	16.08936379	28.34981745	0.477272727	5.109090909
12	4	2016	16.62218406	29.14645663	0.672727273	5.281818182
13	4	2016	17.24972812	29.53572776	2.302727273	5.290909091
14	4	2016	16.73627264	30.21309038	0.158181818	5.536363636
15	4	2016	18.17491289	31.6219094	0.002727273	5.727272727
16	4	2016	18.35563521	30.53345281	0.041818182	5.436363636
17	4	2016	18.53490656	31.54309082	0.290909091	5.681818182
18	4	2016	18.8514543	31.55326982	0.030909091	5.654545455
19	4	2016	17.57127242	29.35808771	0.034545455	5.263636364
20	4	2016	17.30627441	29.75517689	0.05	5.445454545
21	4	2016	17.43336348	29.28863525	0.798181818	5.318181818
22	4	2016	17.1641818	29.87508878	0.034545455	5.509090909
23	4	2016	16.39418446	29.46800093	0.007272727	5.527272727
24	4	2016	17.10845392	31.15063477	0.026363636	5.927272727
25	4	2016	17.07663519	30.93263661	0.032727273	5.836363636
26	4	2016	17.42418046	32.1888178	0.031818182	6.145454545
27	4	2016	18.08663663	31.65663841	0.042727273	5.9
28	4	2016	18.32754239	31.8616333	0.133636364	5.918181818
29	4	2016	18.61736228	32.46645563	0.342727273	6.090909091
30	4	2016	18.27245539	31.82309237	0.833636364	5.954545455
1	5	2016	18.25881958	32.60790461	1.15	6.2
2	5	2016	18.83036388	33.00772927	0.015454545	6.254545455
3	5	2016	19.22572465	33.84254317	0.198181818	6.436363636
4	5	2016	20.97436523	34.36554787	0.149090909	6.3
5	5	2016	20.72700084	35.30563632	0.208181818	6.627272727
6	5	2016	20.2648149	33.93672319	0.036363636	6.345454545
7	5	2016	20.52554599	32.98690796	0.503636364	6.036363636
8	5	2016	20.36472945	33.55672386	0.018181818	6.263636364
9	5	2016	19.91372958	33.025091	0.115454545	6.172727273
10	5	2016	19.6668174	32.76327515	0.085454545	6.145454545
11	5	2016	19.84309526	32.75072965	0.069090909	6.109090909
12	5	2016	20.38627208	33.15754839	2.737272727	6.163636364
13	5	2016	20.64381547	33.66254494	0.067272727	6.290909091
14	5	2016	20.8890908	33.01572765	0.086363636	6.063636364
15	5	2016	20.9119124	34.34327282	0.068181818	6.445454545
16	5	2016	21.0510032	34.57827204	0.238181818	6.490909091
17	5	2016	20.66718362	35.0808161	0.000909091	6.718181818
18	5	2016	20.28718151	34.41882047	0.003636364	6.590909091
19	5	2016	20.83945257	35.55408825	0.002727273	6.863636364
20	5	2016	21.29000022	35.06254716	0.358181818	6.645454545
21	5	2016	21.25954645	34.24981412	0.003636364	6.4
22	5	2016	21.01663763	35.09172752	1.511818182	6.718181818
23	5	2016	21.03500089	34.3954551	0.168181818	6.5
24	5	2016	20.58317982	35.3789978	0.176363636	6.872727273
25	5	2016	21.27636441	35.90409157	1.199090909	6.927272727
26	5	2016	21.6037237	35.43627375	1.789090909	6.718181818
27	5	2016	22.54408958	36.27236384	0.090909091	6.845454545
28	5	2016	21.41354647	34.95400169	0.024545455	6.627272727
29	5	2016	21.49372448	35.11082042	0.013636364	6.681818182
30	5	2016	22.46754317	35.92373102	0.042727273	6.772727273
31	5	2016	22.0094549	35.61754539	0.039090909	6.763636364
1	6	2016	22.15218284	35.20309171	0	6.618181818
2	6	2016	21.64709195	35.56345437	0.003636364	6.790909091
3	6	2016	22.34645219	35.71418346	0	6.745454545
4	6	2016	22.52463323	36.35181774	0.001818182	6.927272727
5	6	2016	21.68845159	34.98227206	0.002727273	6.618181818
6	6	2016	21.44736273	35.58054421	0.084545455	6.854545455
7	6	2016	22.89281672	37.07500111	0.063636364	7.063636364
8	6	2016	23.11936534	37.26881825	0.075454545	7.090909091
9	6	2016	22.10772705	35.83890603	0.017272727	6.818181818
10	6	2016	22.93190973	36.36963723	0.096363636	6.872727273
11	6	2016	22.60927235	35.92527355	0	6.772727273
12	6	2016	23.00099876	35.91127153	0.002727273	6.690909091
13	6	2016	22.12718062	35.33317982	0.031818182	6.690909091
14	6	2016	22.8625516	35.95418202	0.009090909	6.745454545
15	6	2016	22.41300271	35.44163652	0	6.663636364
16	6	2016	22.45945601	35.38281805	0	6.609090909
17	6	2016	22.47927024	35.58881448	0	6.681818182
18	6	2016	22.9222745	36.27317949	0	6.827272727
19	6	2016	23.55781971	36.10900047	0	6.663636364
20	6	2016	23.16736672	36.11908791	0	6.745454545
21	6	2016	23.45008989	36.27145108	0	6.727272727
22	6	2016	23.36927379	36.23445546	0	6.745454545
23	6	2016	23.16854304	36.38345614	0	6.827272727
24	6	2016	22.98136486	35.97118586	0	6.727272727
25	6	2016	22.91572987	36.20190985	0	6.809090909
26	6	2016	23.02081854	36.74000133	0.000909091	6.954545455
27	6	2016	23.60154308	36.35981889	0.001818182	6.718181818
28	6	2016	23.05399947	35.80482067	0.001818182	6.654545455
29	6	2016	22.78372747	35.27709406	0.015454545	6.527272727
30	6	2016	22.724909	34.69300149	0	6.354545455
1	7	2016	22.73600075	34.33918069	0.011818182	6.236363636
2	7	2016	22.54927202	34.80618009	0	6.436363636
3	7	2016	22.65390847	34.76327515	0.001818182	6.363636364
4	7	2016	22.57381647	34.96745162	0	6.454545455
5	7	2016	22.67863603	35.06372625	0	6.454545455
6	7	2016	22.58054699	34.77272727	0	6.390909091
7	7	2016	22.80781694	35.09272905	0	6.436363636
8	7	2016	22.88718206	35.42163918	0	6.527272727
9	7	2016	23.27963534	35.89872603	0	6.618181818
10	7	2016	23.31163719	36.62990501	0	6.827272727
11	7	2016	23.56481934	36.45127453	0	6.718181818
12	7	2016	23.95363825	36.76581643	0	6.709090909
13	7	2016	23.73518233	36.91118275	0	6.809090909
14	7	2016	24.03463468	35.98554577	0	6.454545455
15	7	2016	23.19027433	35.55591098	0	6.472727273
16	7	2016	22.53690962	35.26809138	0	6.518181818
17	7	2016	22.93617942	34.91999956	0	6.309090909
18	7	2016	23.31245561	34.92336481	0	6.236363636
19	7	2016	22.95582164	35.19109275	0	6.354545455
20	7	2016	22.85399836	35.2893649	0	6.418181818
21	7	2016	23.23627541	35.24899847	0.129090909	6.318181818
22	7	2016	22.9819114	35.02227228	0	6.290909091
23	7	2016	22.93490601	34.98872514	0	6.281818182
24	7	2016	23.1265453	35.09381936	0	6.281818182
25	7	2016	22.80127231	34.5966353	0.326363636	6.190909091
26	7	2016	22.34063998	34.08018078	0.001818182	6.090909091
27	7	2016	22.06245284	34.0589988	0	6.127272727
28	7	2016	22.51272583	33.73790949	0	5.936363636
29	7	2016	22.18509189	33.99736439	0	6.081818182
30	7	2016	22.55854381	34.29172863	0	6.090909091
31	7	2016	22.46972934	33.97991111	0	6
1	8	2016	22.46854747	34.60000333	0	6.181818182
2	8	2016	23.05518133	34.58691129	0	6.054545455
3	8	2016	22.86100075	34.54000022	0	6.045454545
4	8	2016	22.84745095	34.4639088	0	6.018181818
5	8	2016	23.2405451	35.1272694	0.05	6.163636364
6	8	2016	23.25381747	35.56863681	0.12	6.272727273
7	8	2016	23.28708718	35.35581554	0.207272727	6.172727273
8	8	2016	23.11454357	34.64681729	0.021818182	6
9	8	2016	23.1265453	34.72627397	0	5.990909091
10	8	2016	23.00709118	34.96490756	0	6.1
11	8	2016	23.26936479	34.9874545	0	6.036363636
12	8	2016	23.11909069	34.78054532	0	5.963636364
13	8	2016	23.27045233	34.2962702	0	5.781818182
14	8	2016	22.54590953	33.77636719	0	5.754545455
15	8	2016	22.38081776	33.10491111	0	5.563636364
16	8	2016	22.42317893	33.52963534	0	5.709090909
17	8	2016	22.01318359	32.84554776	0	5.554545455
18	8	2016	21.8607261	32.67136452	0	5.518181818
19	8	2016	21.83309382	32.20918135	0	5.354545455
20	8	2016	22.08381791	33.2517284	0	5.590909091
21	8	2016	22.31736617	33.65500155	0	5.663636364
22	8	2016	22.28918179	33.69590898	0	5.663636364
23	8	2016	22.45536388	33.45409046	0	5.563636364
24	8	2016	22.23563732	32.6155451	0	5.336363636
25	8	2016	21.58327692	32.91154619	0.110909091	5.527272727
26	8	2016	20.57027643	31.74545288	0.030909091	5.327272727
27	8	2016	20.4969094	31.81881991	0.007272727	5.363636364
28	8	2016	20.68691184	31.75854492	0.029090909	5.272727273
29	8	2016	21.04327393	32.21727129	0	5.363636364
30	8	2016	20.92408891	32.30427135	0	5.390909091
31	8	2016	20.85672552	32.08399825	0	5.309090909
1	9	2016	20.81499689	31.5660012	0	5.154545455
2	9	2016	20.75072576	31.67445401	0	4.863636364
3	9	2016	20.72536455	31.84354359	0	4.909090909
4	9	2016	20.65309226	32.04545233	0	4.918181818
5	9	2016	21.32136175	31.80463701	0	4.809090909
6	9	2016	20.9051841	31.42281827	0	4.727272727
7	9	2016	20.42627452	31.31691062	0	4.718181818
8	9	2016	20.90790849	31.30972678	0	4.554545455
9	9	2016	21.30127009	31.26217929	0	4.554545455
10	9	2016	20.41590909	31.30163796	0	4.7
11	9	2016	20.25027521	31.12108931	0	4.709090909
12	9	2016	20.70700295	31.09563432	0	4.536363636
13	9	2016	20.49472712	30.84281949	0	4.427272727
14	9	2016	19.63045488	30.61900135	0	4.463636364
15	9	2016	19.51354592	30.21645064	0	4.490909091
16	9	2016	19.71190629	31.39763794	0	4.718181818
17	9	2016	19.51136475	31.45200306	0	4.763636364
18	9	2016	19.90754561	32.01363636	0	4.809090909
19	9	2016	20.00599643	31.9509122	0	4.763636364
20	9	2016	19.9174555	30.92945723	0	4.472727273
21	9	2016	19.84518544	32.18163508	0	4.772727273
22	9	2016	20.71809193	31.64300093	0	4.518181818
23	9	2016	20.1339988	31.19218195	0	4.427272727
24	9	2016	19.02872758	29.74172585	0	4.272727273
25	9	2016	19.19727284	30.07699973	0	4.309090909
26	9	2016	18.24190785	29.55736694	0	4.281818182
27	9	2016	18.57963645	30.40881792	0	4.436363636
28	9	2016	18.43545477	28.93118231	0	4.018181818
29	9	2016	17.81618264	28.90900158	0	4.109090909
30	9	2016	18.0013633	28.63854592	0	4.018181818
1	10	2016	17.67281883	28.67009166	0	4.063636364
2	10	2016	17.77290927	29.05381636	0	4.127272727
3	10	2016	17.90036122	28.26236073	0	3.954545455
4	10	2016	17.71618208	27.59081698	0	3.781818182
5	10	2016	17.28409035	27.73045599	0	3.754545455
6	10	2016	17.23236195	27.43945645	0	3.754545455
7	10	2016	17.30699907	27.08336626	0	3.672727273
8	10	2016	15.76618264	28.21018233	0	4.027272727
9	10	2016	17.51918058	28.5222745	0.011818182	3.936363636
10	10	2016	17.07445235	28.23818526	0.119090909	3.918181818
11	10	2016	16.88481556	27.85318271	0.004545455	3.754545455
12	10	2016	17.33917958	28.01781894	0.003636364	3.781818182
13	10	2016	16.64500233	27.20136164	0.220909091	3.681818182
14	10	2016	17.06972878	26.50781638	0	3.481818182
15	10	2016	16.32636275	26.49218251	0	3.490909091
16	10	2016	16.29800082	26.19590842	0	3.381818182
17	10	2016	16.07954767	27.50863481	0	3.727272727
18	10	2016	15.81209217	27.0088157	0	3.636363636
19	10	2016	15.97663352	25.71417791	0	3.318181818
20	10	2016	14.93481778	26.12936346	0	3.518181818
21	10	2016	15.32690874	26.27399902	0	3.481818182
22	10	2016	15.27818437	26.31236406	0	3.5
23	10	2016	15.94172807	26.05054488	0	3.372727273
24	10	2016	15.71109175	25.42108931	0	3.254545455
25	10	2016	16.11608831	25.68308938	0	3.236363636
26	10	2016	15.20318326	24.80881681	0	3.163636364
27	10	2016	15.99504785	24.14472934	0	2.881818182
28	10	2016	15.38959242	24.42109098	0	2.909090909
29	10	2016	14.73332189	24.54463612	0	3.063636364
30	10	2016	15.00954534	24.13854315	0.07	2.945454545
31	10	2016	15.25854603	24.32854892	0.038181818	2.954545455
1	11	2016	15.00381914	24.63827459	0.016363636	3.063636364
2	11	2016	15.03173051	23.71836437	0	2.836363636
3	11	2016	14.81418402	24.05409379	0.081818182	2.918181818
4	11	2016	14.1036377	22.88281971	0.73	2.836363636
5	11	2016	13.71990745	22.15954534	0.268181818	2.718181818
6	11	2016	13.52454557	23.61854359	0.23	2.990909091
7	11	2016	13.64018277	23.2279996	0.007272727	2.845454545
8	11	2016	13.42436357	24.22018044	0	3.036363636
9	11	2016	13.96036543	23.15982056	0.000909091	2.772727273
10	11	2016	13.69609153	22.51300104	0.000909091	2.7
11	11	2016	13.17363614	22.09645663	0	2.709090909
12	11	2016	12.88609064	22.43099809	0	2.763636364
13	11	2016	13.15795512	22.43072787	0.168181818	2.690909091
14	11	2016	13.03104805	21.98445379	1.001818182	2.6
15	11	2016	12.74923209	21.68527333	1.444545455	2.590909091
16	11	2016	12.5030906	20.92263516	0.040909091	2.454545455
17	11	2016	13.06768357	21.33209117	0.117272727	2.463636364
18	11	2016	11.65190929	21.01181807	0.252727273	2.563636364
19	11	2016	11.80127453	20.72445346	0.488181818	2.509090909
20	11	2016	11.54423054	21.16390991	0.391818182	2.572727273
21	11	2016	11.8248236	21.0195429	0.719090909	2.563636364
22	11	2016	11.95264065	22.37900002	0.285454545	2.645454545
23	11	2016	12.74122983	21.28109131	1.071818182	2.463636364
24	11	2016	11.89609209	21.55563687	0.024545455	2.554545455
25	11	2016	11.95345625	21.66808971	0.248181818	2.563636364
26	11	2016	11.74527144	20.93818082	0.273636364	2.481818182
27	11	2016	11.77268624	20.68726973	0.139090909	2.409090909
28	11	2016	11.39732114	21.48581876	0.157272727	2.5
29	11	2016	12.15327481	21.13881725	0.014545455	2.372727273
30	11	2016	11.63681641	21.56145408	0.016363636	2.518181818
1	12	2016	12.19254705	20.72545166	0.069090909	2.436363636
2	12	2016	11.32764005	20.49863559	0.039090909	2.436363636
3	12	2016	11.14995896	20.31036321	0.979090909	2.4
4	12	2016	11.07100164	20.13363814	0.399090909	2.327272727
5	12	2016	10.97245705	19.94682007	0.596363636	2.409090909
6	12	2016	10.51572543	19.53609286	0.45	2.3
7	12	2016	9.837453946	19.11436268	0.226363636	2.3
8	12	2016	9.891451749	19.65273049	0.026363636	2.481818182
9	12	2016	10.36550462	19.62890791	0.036363636	2.318181818
10	12	2016	9.469362016	19.09618086	0.076363636	2.309090909
11	12	2016	9.172956456	19.22018155	0.110909091	2.318181818
12	12	2016	9.320592731	18.23754439	0.072727273	2.2
13	12	2016	9.855959274	18.65591098	0.021818182	2.254545455
14	12	2016	10.5739108	19.25127397	0.113636364	2.290909091
15	12	2016	9.829816783	18.90136164	0.337272727	2.272727273
16	12	2016	9.327454723	19.04490745	0.039090909	2.3
17	12	2016	9.608817361	21.35381914	0.072727273	2.645454545
18	12	2016	10.48381847	20.3909102	1.342727273	2.418181818
19	12	2016	10.32036355	20.05945601	1.435454545	2.381818182
20	12	2016	10.44827548	19.77326938	1.503636364	2.372727273
21	12	2016	10.15990989	19.76663596	0.604545455	2.336363636
22	12	2016	11.44581909	20.79718406	4.026363636	2.409090909
23	12	2016	10.50881847	18.78909302	0.444545455	2.2
24	12	2016	9.76254328	18.55454434	0.941818182	2.218181818
25	12	2016	9.633547142	19.23099976	0.278181818	2.327272727
26	12	2016	10.02854559	19.11208829	0.243636364	2.290909091
27	12	2016	9.973817583	19.98054477	0.279090909	2.390909091
28	12	2016	9.902272727	19.41809304	0.242727273	2.336363636
29	12	2016	9.741729736	19.41536421	0.080909091	2.281818182
30	12	2016	10.44072765	19.5042708	0.084545455	2.345454545
31	12	2016	10.00209129	18.6296359	1.379090909	2.263636364
